0 1665183558.749823
1 1665183558.8314288
2 1665183558.8713927
3 1665183558.9124317
4 1665183558.9535267
5 1665183558.9935453
6 1665183559.028252
7 1665183559.1084337
8 1665183559.1499023
9 1665183559.1884036
10 1665183559.228802
11 1665183559.2683728
12 1665183559.3107693
13 1665183559.3488612
14 1665183559.3911083
15 1665183559.428459
16 1665183559.468154
17 1665183559.5074003
18 1665183559.5470004
19 1665183559.5871062
20 1665183559.6270816
21 1665183559.6679296
22 1665183559.7075832
23 1665183559.7476623
24 1665183559.7878094
25 1665183559.8277893
26 1665183559.867356
27 1665183559.9074242
28 1665183559.947613
29 1665183559.9873302
30 1665183560.0275126
31 1665183560.0676303
32 1665183560.1073341
33 1665183560.1476684
34 1665183560.1874104
35 1665183560.2269723
36 1665183560.2681117
37 1665183560.3079276
38 1665183560.3472342
39 1665183560.3873184
40 1665183560.4278958
41 1665183560.4679646
42 1665183560.507965
43 1665183560.548474
44 1665183560.5872877
45 1665183560.6275215
46 1665183560.6674485
47 1665183560.7072031
48 1665183560.749442
49 1665183560.7878532
50 1665183560.8304608
51 1665183560.8671997
52 1665183560.9083323
53 1665183560.9482117
54 1665183560.9874043
55 1665183561.028157
56 1665183561.0679426
57 1665183561.1081767
58 1665183561.148012
59 1665183561.188169
60 1665183561.2278798
61 1665183561.2679408
62 1665183561.3079634
63 1665183561.3476732
64 1665183561.3883057
65 1665183561.4277775
66 1665183561.4678364
67 1665183561.507696
68 1665183561.5478787
69 1665183561.5875413
70 1665183561.6273465
71 1665183561.6672478
72 1665183561.7078311
73 1665183561.7475457
74 1665183561.7879467
75 1665183561.8279977
76 1665183561.8680496
77 1665183561.907095
78 1665183561.94818
79 1665183561.9879456
80 1665183562.0278096
81 1665183562.0678163
82 1665183562.1081328
83 1665183562.148149
84 1665183562.1876817
85 1665183562.2278032
86 1665183562.267799
87 1665183562.3081996
88 1665183562.3472881
89 1665183562.3879967
90 1665183562.4280956
91 1665183562.4685373
92 1665183562.5078566
93 1665183562.5479276
94 1665183562.5878472
95 1665183562.6276264
96 1665183562.6677732
97 1665183562.7080693
98 1665183562.7473114
99 1665183562.788081
100 1665183562.8281286
101 1665183562.8676424
102 1665183562.9071593
103 1665183562.9478006
104 1665183562.9879358
105 1665183563.0274408
106 1665183563.0681667
107 1665183563.1078126
108 1665183563.1484313
109 1665183563.1882343
110 1665183563.2273524
111 1665183563.2678268
112 1665183563.3075728
113 1665183563.3478558
114 1665183563.3876266
115 1665183563.4278758
116 1665183563.467345
117 1665183563.5079157
118 1665183563.5484629
119 1665183563.5877872
120 1665183563.6279693
121 1665183563.6667693
122 1665183563.707205
123 1665183563.7472584
124 1665183563.7877624
125 1665183563.8277884
126 1665183563.8679013
127 1665183563.907444
128 1665183563.9475017
129 1665183563.98736
130 1665183564.0274355
131 1665183564.0673795
132 1665183564.1072633
133 1665183564.1474035
134 1665183564.1871054
135 1665183564.2272317
136 1665183564.26742
137 1665183564.3071876
138 1665183564.3475132
139 1665183564.3875391
140 1665183564.4275753
141 1665183564.467311
142 1665183564.5071642
143 1665183564.5472748
144 1665183564.5876725
145 1665183564.6273959
146 1665183564.6670985
147 1665183564.7073364
148 1665183564.7475634
149 1665183564.787094
150 1665183564.8276143
151 1665183564.8678637
152 1665183564.908397
153 1665183564.9476476
154 1665183564.9885685
155 1665183565.027557
156 1665183565.0672305
157 1665183565.1080844
158 1665183565.148142
159 1665183565.187267
160 1665183565.2285998
161 1665183565.267776
162 1665183565.3076882
163 1665183565.348026
164 1665183565.3879356
165 1665183565.4277694
166 1665183565.4683006
167 1665183565.5082266
168 1665183565.5469952
169 1665183565.5882766
170 1665183565.6281004
171 1665183565.6679447
172 1665183565.7080016
173 1665183565.7480745
174 1665183565.7884412
175 1665183565.8280969
176 1665183565.8679943
177 1665183565.9072814
178 1665183565.9478774
179 1665183565.9874947
180 1665183566.028381
181 1665183566.068262
182 1665183566.1072829
183 1665183566.1476934
184 1665183566.1882412
185 1665183566.2279344
186 1665183566.2678537
187 1665183566.3072152
188 1665183566.3471112
189 1665183566.3875344
190 1665183566.4277437
191 1665183566.4678996
192 1665183566.507084
193 1665183566.5480819
194 1665183566.5873094
195 1665183566.6279004
196 1665183566.668042
197 1665183566.708648
198 1665183566.7500632
199 1665183566.7885575
200 1665183566.8680115
201 1665183566.90889
202 1665183566.9490612
203 1665183566.9895756
204 1665183567.0289323
205 1665183567.0687377
206 1665183567.108038
207 1665183567.1491616
208 1665183567.1877627
209 1665183567.2294428
210 1665183567.268058
211 1665183567.3095067
212 1665183567.3494864
213 1665183567.3927064
214 1665183567.4287128
215 1665183567.4680233
216 1665183567.5075457
217 1665183567.5478404
218 1665183567.5876899
219 1665183567.6274037
220 1665183567.6681519
221 1665183567.7080631
222 1665183567.7474678
223 1665183567.788035
224 1665183567.8287363
225 1665183567.868152
226 1665183567.9086847
227 1665183567.9475942
228 1665183567.987521
229 1665183568.0274892
230 1665183568.0671673
231 1665183568.108797
232 1665183568.1486502
233 1665183568.1875584
234 1665183568.2284029
235 1665183568.2675085
236 1665183568.3080876
237 1665183568.3471596
238 1665183568.3884516
239 1665183568.4274654
240 1665183568.468073
241 1665183568.5075946
242 1665183568.5472717
243 1665183568.5887797
244 1665183568.6280577
245 1665183568.6683075
246 1665183568.707304
247 1665183568.7478411
248 1665183568.788152
249 1665183568.8270705
250 1665183568.868292
251 1665183568.907537
252 1665183568.9471102
253 1665183568.989609
254 1665183569.0273545
255 1665183569.0683248
256 1665183569.1074817
257 1665183569.1491823
258 1665183569.1876085
259 1665183569.2289338
260 1665183569.267447
261 1665183569.3093722
262 1665183569.347294
263 1665183569.3875704
264 1665183569.4282458
265 1665183569.4685297
266 1665183569.5085437
267 1665183569.5479527
268 1665183569.5887616
269 1665183569.6278872
270 1665183569.667466
271 1665183569.7085342
272 1665183569.7479668
273 1665183569.7881725
274 1665183569.8281064
275 1665183569.8679862
276 1665183569.9083154
277 1665183569.9482412
278 1665183569.98823
279 1665183570.0268352
280 1665183570.0675154
281 1665183570.1081467
282 1665183570.146848
283 1665183570.1882434
284 1665183570.227457
285 1665183570.26787
286 1665183570.309532
287 1665183570.3483405
288 1665183570.3883944
289 1665183570.4283304
290 1665183570.46816
291 1665183570.507655
292 1665183570.5475473
293 1665183570.587872
294 1665183570.6275482
295 1665183570.6684613
296 1665183570.7081568
297 1665183570.7483048
298 1665183570.7876408
299 1665183570.8287714
300 1665183570.8681915
301 1665183570.9088287
302 1665183570.9485147
303 1665183570.9870567
304 1665183571.0273032
305 1665183571.0670228
306 1665183571.1084151
307 1665183571.1477566
308 1665183571.1878836
309 1665183571.2274566
310 1665183571.2677686
311 1665183571.308131
312 1665183571.3480663
313 1665183571.388344
314 1665183571.4277856
315 1665183571.467108
316 1665183571.50767
317 1665183571.5475452
318 1665183571.5880225
319 1665183571.628486
320 1665183571.6685936
321 1665183571.7085478
322 1665183571.7478807
323 1665183571.7888358
324 1665183571.8273993
325 1665183571.8684478
326 1665183571.9068055
327 1665183571.9487002
328 1665183571.988478
329 1665183572.0281143
330 1665183572.067898
331 1665183572.1081674
332 1665183572.148035
333 1665183572.1875894
334 1665183572.2287219
335 1665183572.2684205
336 1665183572.3079665
337 1665183572.3487322
338 1665183572.3882492
339 1665183572.4280412
340 1665183572.4680912
341 1665183572.5082543
342 1665183572.5479379
343 1665183572.5881116
344 1665183572.627552
345 1665183572.6682851
346 1665183572.7078156
347 1665183572.7485762
348 1665183572.7873642
349 1665183572.8273668
350 1665183572.8684347
351 1665183572.9074628
352 1665183572.947277
353 1665183572.9875765
354 1665183573.0279105
355 1665183573.0680935
356 1665183573.1084151
357 1665183573.1480896
358 1665183573.1884835
359 1665183573.2287118
360 1665183573.2685623
361 1665183573.3086767
362 1665183573.3473973
363 1665183573.3883145
364 1665183573.4275107
365 1665183573.4685693
366 1665183573.507651
367 1665183573.547801
368 1665183573.5875566
369 1665183573.6279452
370 1665183573.667658
371 1665183573.7074857
372 1665183573.747796
373 1665183573.788091
374 1665183573.8276715
375 1665183573.8670523
376 1665183573.9079509
377 1665183573.9480996
378 1665183573.987462
379 1665183574.0271604
380 1665183574.0683165
381 1665183574.1074202
382 1665183574.1472263
383 1665183574.1876178
384 1665183574.2271218
385 1665183574.2676554
386 1665183574.3082478
387 1665183574.347886
388 1665183574.3879526
389 1665183574.4275112
390 1665183574.4684224
391 1665183574.5085053
392 1665183574.5486677
393 1665183574.589071
394 1665183574.6279387
395 1665183574.6687992
396 1665183574.7078154
397 1665183574.7478344
398 1665183574.7879384
399 1665183574.8286822
400 1665183574.867821
401 1665183574.9082353
402 1665183574.9475553
403 1665183574.9875917
404 1665183575.027542
405 1665183575.0678594
406 1665183575.1076183
407 1665183575.1480684
408 1665183575.1878095
409 1665183575.2277572
410 1665183575.2681627
411 1665183575.3078566
412 1665183575.3489614
413 1665183575.387694
414 1665183575.429505
415 1665183575.4670467
416 1665183575.508082
417 1665183575.548345
418 1665183575.5881581
419 1665183575.6281838
420 1665183575.6679277
421 1665183575.7076662
422 1665183575.7474108
423 1665183575.7872398
424 1665183575.8269036
425 1665183575.8670356
426 1665183575.9072924
427 1665183575.9471884
428 1665183575.9880512
429 1665183576.0270855
430 1665183576.0690794
431 1665183576.1077516
432 1665183576.1485262
433 1665183576.1883745
434 1665183576.227811
435 1665183576.268403
436 1665183576.3082037
437 1665183576.3478968
438 1665183576.388423
439 1665183576.4278476
440 1665183576.4683657
441 1665183576.5076737
442 1665183576.5487163
443 1665183576.588401
444 1665183576.6275396
445 1665183576.668353
446 1665183576.7083259
447 1665183576.7478862
448 1665183576.7876496
449 1665183576.8271058
450 1665183576.868452
451 1665183576.9070373
452 1665183576.9484236
453 1665183576.9880636
454 1665183577.0278416
455 1665183577.0685859
456 1665183577.1074522
457 1665183577.147272
458 1665183577.1872838
459 1665183577.227361
460 1665183577.267183
461 1665183577.3072596
462 1665183577.348052
463 1665183577.3880122
464 1665183577.4280763
465 1665183577.4681315
466 1665183577.5076725
467 1665183577.547797
468 1665183577.5883026
469 1665183577.6281016
470 1665183577.667256
471 1665183577.7067535
472 1665183577.7470477
473 1665183577.787252
474 1665183577.8278053
475 1665183577.8679469
476 1665183577.9072263
477 1665183577.9475021
478 1665183577.9874532
479 1665183578.027471
480 1665183578.0673103
481 1665183578.107981
482 1665183578.1476781
483 1665183578.1882584
484 1665183578.2272766
485 1665183578.2681868
486 1665183578.307566
487 1665183578.347938
488 1665183578.3874943
489 1665183578.4273124
490 1665183578.4676042
491 1665183578.5075843
492 1665183578.5482502
493 1665183578.5879538
494 1665183578.627099
495 1665183578.6673524
496 1665183578.707835
497 1665183578.7483864
498 1665183578.7880037
499 1665183578.8272073
500 1665183578.8683012
501 1665183578.9082546
502 1665183578.9476948
503 1665183578.9878447
504 1665183579.0273156
505 1665183579.0678134
506 1665183579.1076548
507 1665183579.1474085
508 1665183579.1873906
509 1665183579.2275681
510 1665183579.2670338
511 1665183579.3071098
512 1665183579.3472793
513 1665183579.3875468
514 1665183579.4275
515 1665183579.4674804
516 1665183579.5074506
517 1665183579.5475886
518 1665183579.5877953
519 1665183579.6272464
520 1665183579.6685805
521 1665183579.7078063
522 1665183579.7484958
523 1665183579.7883422
524 1665183579.8277996
525 1665183579.867691
526 1665183579.9080756
527 1665183579.9485812
528 1665183579.9880614
529 1665183580.0283072
530 1665183580.0684228
531 1665183580.1075046
532 1665183580.1482148
533 1665183580.1885355
534 1665183580.227323
535 1665183580.2678275
536 1665183580.307842
537 1665183580.3486118
538 1665183580.388498
539 1665183580.427501
540 1665183580.4676404
541 1665183580.508399
542 1665183580.547426
543 1665183580.5880523
544 1665183580.6276524
545 1665183580.6674817
546 1665183580.707749
547 1665183580.749071
548 1665183580.7879138
549 1665183580.8275483
550 1665183580.8670354
551 1665183580.9071736
552 1665183580.9486327
553 1665183580.988624
554 1665183581.0276172
555 1665183581.067798
556 1665183581.1089633
557 1665183581.1487222
558 1665183581.1875756
559 1665183581.228378
560 1665183581.2682648
561 1665183581.3094006
562 1665183581.347663
563 1665183581.3876104
564 1665183581.4280865
565 1665183581.468401
566 1665183581.5085745
567 1665183581.5476472
568 1665183581.5885162
569 1665183581.6276772
570 1665183581.6680577
571 1665183581.7076533
572 1665183581.7487235
573 1665183581.7885816
574 1665183581.8286939
575 1665183581.8675675
576 1665183581.907668
577 1665183581.947796
578 1665183581.9877934
579 1665183582.0276408
580 1665183582.0680926
581 1665183582.1077528
582 1665183582.147648
583 1665183582.1879497
584 1665183582.2278159
585 1665183582.2681367
586 1665183582.3090084
587 1665183582.348335
588 1665183582.3886335
589 1665183582.4285178
590 1665183582.4676871
591 1665183582.5083978
592 1665183582.5475812
593 1665183582.5883863
594 1665183582.6271842
595 1665183582.6682303
596 1665183582.7072852
597 1665183582.7485907
598 1665183582.7878518
599 1665183582.8283627
600 1665183582.8679476
601 1665183582.9073586
602 1665183582.9478624
603 1665183582.9888918
604 1665183583.0275183
605 1665183583.0680053
606 1665183583.108254
607 1665183583.148087
608 1665183583.187984
609 1665183583.227611
610 1665183583.2681847
611 1665183583.307299
612 1665183583.3480778
613 1665183583.3885357
614 1665183583.4271877
615 1665183583.467824
616 1665183583.5070374
617 1665183583.5482888
618 1665183583.588754
619 1665183583.628097
620 1665183583.667478
621 1665183583.7075129
622 1665183583.7497659
623 1665183583.7881124
624 1665183583.8281457
625 1665183583.8689766
626 1665183583.9079049
627 1665183583.9472864
628 1665183583.9886882
629 1665183584.0276706
630 1665183584.0672297
631 1665183584.1075115
632 1665183584.1472833
633 1665183584.1874125
634 1665183584.2278798
635 1665183584.2676716
636 1665183584.3075566
637 1665183584.3478854
638 1665183584.3883104
639 1665183584.428821
640 1665183584.4673326
641 1665183584.508241
642 1665183584.547165
643 1665183584.5874941
644 1665183584.6273093
645 1665183584.6682982
646 1665183584.708311
647 1665183584.7475617
648 1665183584.7871947
649 1665183584.828232
650 1665183584.867408
651 1665183584.9071414
652 1665183584.9472136
653 1665183584.9871254
654 1665183585.0275848
655 1665183585.0668359
656 1665183585.1076565
657 1665183585.147831
658 1665183585.1879754
659 1665183585.226996
660 1665183585.2674801
661 1665183585.3078084
662 1665183585.3472476
663 1665183585.387357
664 1665183585.4270625
665 1665183585.467037
666 1665183585.5075808
667 1665183585.5484385
668 1665183585.5875573
669 1665183585.6274214
670 1665183585.6681406
671 1665183585.70791
672 1665183585.747316
673 1665183585.7878795
674 1665183585.8267353
675 1665183585.8679366
676 1665183585.9073052
677 1665183585.948385
678 1665183585.9883401
679 1665183586.0284228
680 1665183586.0686414
681 1665183586.1070497
682 1665183586.14788
683 1665183586.1875634
684 1665183586.2276757
685 1665183586.26806
686 1665183586.3069499
687 1665183586.346823
688 1665183586.388135
689 1665183586.4272182
690 1665183586.4676569
691 1665183586.5072758
692 1665183586.5479863
693 1665183586.5874114
694 1665183586.62761
695 1665183586.668383
696 1665183586.7081177
697 1665183586.748123
698 1665183586.7877505
699 1665183586.8274686
700 1665183586.8674967
701 1665183586.9072125
702 1665183586.9486887
703 1665183586.987342
704 1665183587.0275912
705 1665183587.0677388
706 1665183587.1079082
707 1665183587.1473432
708 1665183587.1879842
709 1665183587.2276936
710 1665183587.2675986
711 1665183587.3069594
712 1665183587.3476696
713 1665183587.3876405
714 1665183587.4276865
715 1665183587.4677463
716 1665183587.5076916
717 1665183587.5478628
718 1665183587.5880213
719 1665183587.6283565
720 1665183587.6678438
721 1665183587.7084758
722 1665183587.7484767
723 1665183587.786962
724 1665183587.8281248
725 1665183587.8673415
726 1665183587.9081175
727 1665183587.9473915
728 1665183587.986958
729 1665183588.0268586
730 1665183588.0682046
731 1665183588.1081197
732 1665183588.147487
733 1665183588.1874676
734 1665183588.2283766
735 1665183588.26736
736 1665183588.3072338
737 1665183588.3474405
738 1665183588.3879025
739 1665183588.4279172
740 1665183588.469067
741 1665183588.508649
742 1665183588.5485845
743 1665183588.587348
744 1665183588.6278718
745 1665183588.6677928
746 1665183588.7076964
747 1665183588.7470467
748 1665183588.7871094
749 1665183588.8266685
750 1665183588.8668923
751 1665183588.9072127
752 1665183588.948121
753 1665183588.988543
754 1665183589.0284655
755 1665183589.0673769
756 1665183589.107637
757 1665183589.1485465
758 1665183589.18742
759 1665183589.227459
760 1665183589.2674108
761 1665183589.3074608
762 1665183589.3478422
763 1665183589.387734
764 1665183589.427935
765 1665183589.4668837
766 1665183589.5089693
767 1665183589.5474598
768 1665183589.5886922
769 1665183589.6275213
770 1665183589.6679406
771 1665183589.7078793
772 1665183589.747525
773 1665183589.787134
774 1665183589.828359
775 1665183589.8672607
776 1665183589.907447
777 1665183589.9484482
778 1665183589.987378
779 1665183590.0280464
780 1665183590.0670102
781 1665183590.1079388
782 1665183590.1479228
783 1665183590.187999
784 1665183590.226916
785 1665183590.267661
786 1665183590.3086648
787 1665183590.348138
788 1665183590.3876295
789 1665183590.4278224
790 1665183590.4672325
791 1665183590.5085561
792 1665183590.5481563
793 1665183590.5883238
794 1665183590.628616
795 1665183590.6674714
796 1665183590.7070403
797 1665183590.748078
798 1665183590.788135
799 1665183590.828162
800 1665183590.8678904
801 1665183590.9069512
802 1665183590.9475563
803 1665183590.9874835
804 1665183591.0269833
805 1665183591.0675485
806 1665183591.1084244
807 1665183591.148535
808 1665183591.1878784
809 1665183591.22801
810 1665183591.2675145
811 1665183591.3072991
812 1665183591.3477817
813 1665183591.387359
814 1665183591.4273098
815 1665183591.4678888
816 1665183591.5073767
817 1665183591.5481277
818 1665183591.5873945
819 1665183591.6278033
820 1665183591.6678865
821 1665183591.7077625
822 1665183591.747527
823 1665183591.7876647
824 1665183591.8278995
825 1665183591.86736
826 1665183591.9080148
827 1665183591.9479496
828 1665183591.9876754
829 1665183592.0276394
830 1665183592.0668077
831 1665183592.1069648
832 1665183592.147276
833 1665183592.1876173
834 1665183592.227817
835 1665183592.2676759
836 1665183592.3071272
837 1665183592.3473287
838 1665183592.387579
839 1665183592.4273257
840 1665183592.4672077
841 1665183592.5075285
842 1665183592.5471022
843 1665183592.5884168
844 1665183592.627218
845 1665183592.667423
846 1665183592.7076628
847 1665183592.7471712
848 1665183592.7876627
849 1665183592.8278089
850 1665183592.8676927
851 1665183592.9079173
852 1665183592.947547
853 1665183592.9879162
854 1665183593.0275018
855 1665183593.0679398
856 1665183593.1076844
857 1665183593.148223
858 1665183593.1880767
859 1665183593.2267253
860 1665183593.2673671
861 1665183593.3077307
862 1665183593.3475223
863 1665183593.3878
864 1665183593.4278064
865 1665183593.467974
866 1665183593.507397
867 1665183593.548495
868 1665183593.5880775
869 1665183593.6279337
870 1665183593.666991
871 1665183593.7075262
872 1665183593.7478313
873 1665183593.7881458
874 1665183593.828111
875 1665183593.8674076
876 1665183593.9078343
877 1665183593.9472063
878 1665183593.9867358
879 1665183594.027095
880 1665183594.0675259
881 1665183594.1076128
882 1665183594.1474233
883 1665183594.1881306
884 1665183594.2273939
885 1665183594.2676888
886 1665183594.3072326
887 1665183594.3469954
888 1665183594.387683
889 1665183594.4281018
890 1665183594.468155
891 1665183594.5074556
892 1665183594.5477583
893 1665183594.587405
894 1665183594.6269162
895 1665183594.666863
896 1665183594.7079124
897 1665183594.7475262
898 1665183594.7869856
899 1665183594.8279493
900 1665183594.8671749
901 1665183594.907814
902 1665183594.9480433
903 1665183594.9878445
904 1665183595.0275578
905 1665183595.0684083
906 1665183595.1078305
907 1665183595.1477544
908 1665183595.1878357
909 1665183595.2271554
910 1665183595.2677863
911 1665183595.307993
912 1665183595.3477986
913 1665183595.388148
914 1665183595.4274974
915 1665183595.466979
916 1665183595.5078626
917 1665183595.5471442
918 1665183595.5882337
919 1665183595.627682
920 1665183595.6676133
921 1665183595.707295
922 1665183595.7485206
923 1665183595.788205
924 1665183595.8277283
925 1665183595.8675756
926 1665183595.9074578
927 1665183595.94866
928 1665183595.9871595
929 1665183596.0275683
930 1665183596.0671885
931 1665183596.1080294
932 1665183596.1477764
933 1665183596.1880794
934 1665183596.2274477
935 1665183596.267314
936 1665183596.3080373
937 1665183596.3476174
938 1665183596.3870697
939 1665183596.4269667
940 1665183596.467891
941 1665183596.5075908
942 1665183596.548071
943 1665183596.5875933
944 1665183596.6269515
945 1665183596.6676524
946 1665183596.7074745
947 1665183596.7474668
948 1665183596.7874737
949 1665183596.8280852
950 1665183596.8673065
951 1665183596.9071193
952 1665183596.94788
953 1665183596.987656
954 1665183597.0271657
955 1665183597.0669074
956 1665183597.1078837
957 1665183597.1474273
958 1665183597.1871812
959 1665183597.2272954
960 1665183597.2671084
961 1665183597.3077996
962 1665183597.3474529
963 1665183597.387269
964 1665183597.4275172
965 1665183597.4680512
966 1665183597.5075808
967 1665183597.5481095
968 1665183597.5878053
969 1665183597.6279058
970 1665183597.6681244
971 1665183597.7080522
972 1665183597.7476125
973 1665183597.787485
974 1665183597.8276827
975 1665183597.866933
976 1665183597.907784
977 1665183597.9470813
978 1665183597.9879093
979 1665183598.0278065
980 1665183598.0676322
981 1665183598.107404
982 1665183598.1473718
983 1665183598.1879067
984 1665183598.2276804
985 1665183598.2675912
986 1665183598.3073034
987 1665183598.3480256
988 1665183598.3874424
989 1665183598.4277804
990 1665183598.4677737
991 1665183598.5076
992 1665183598.5479243
993 1665183598.587613
994 1665183598.6278236
995 1665183598.6676602
996 1665183598.7080626
997 1665183598.7476902
998 1665183598.7878356
999 1665183598.8274899
1000 1665183598.8682287
1001 1665183598.9068534
1002 1665183598.9485278
1003 1665183598.987892
1004 1665183599.0285425
1005 1665183599.0679817
1006 1665183599.1074557
1007 1665183599.1477826
1008 1665183599.18758
1009 1665183599.2277567
1010 1665183599.2676132
1011 1665183599.3073125
1012 1665183599.3484232
1013 1665183599.3885193
1014 1665183599.4286344
1015 1665183599.468225
1016 1665183599.507403
1017 1665183599.5489237
1018 1665183599.5878625
1019 1665183599.6274195
1020 1665183599.668211
1021 1665183599.7072222
1022 1665183599.7477334
1023 1665183599.7876334
1024 1665183599.827577
1025 1665183599.8684087
1026 1665183599.908694
1027 1665183599.9486187
1028 1665183599.9877982
1029 1665183600.0287118
1030 1665183600.0675259
1031 1665183600.1075072
1032 1665183600.1476142
1033 1665183600.1880999
1034 1665183600.228376
1035 1665183600.2669935
1036 1665183600.3070972
1037 1665183600.3471522
1038 1665183600.3875155
1039 1665183600.427855
1040 1665183600.4672668
1041 1665183600.5075562
1042 1665183600.5478072
1043 1665183600.5874183
1044 1665183600.6271381
1045 1665183600.668092
1046 1665183600.7079325
1047 1665183600.7475433
1048 1665183600.7871585
1049 1665183600.826986
1050 1665183600.866954
1051 1665183600.907616
1052 1665183600.9471393
1053 1665183600.9874315
1054 1665183601.0284467
1055 1665183601.06834
1056 1665183601.1078568
1057 1665183601.1482816
1058 1665183601.1890726
1059 1665183601.2277486
1060 1665183601.267106
1061 1665183601.3075848
1062 1665183601.3485124
1063 1665183601.3872736
1064 1665183601.4276724
1065 1665183601.4681654
1066 1665183601.5078425
1067 1665183601.547059
1068 1665183601.587873
1069 1665183601.6286633
1070 1665183601.6666446
1071 1665183601.7084584
1072 1665183601.7473679
1073 1665183601.787869
1074 1665183601.8273566
1075 1665183601.8671494
1076 1665183601.908558
1077 1665183601.9479659
1078 1665183601.9881809
1079 1665183602.0272038
1080 1665183602.0680847
1081 1665183602.1075697
1082 1665183602.147136
1083 1665183602.1886718
1084 1665183602.2275858
1085 1665183602.2684991
1086 1665183602.3073442
1087 1665183602.3476138
1088 1665183602.3875804
1089 1665183602.4275076
1090 1665183602.4673045
1091 1665183602.507536
1092 1665183602.5479066
1093 1665183602.5879378
1094 1665183602.627481
1095 1665183602.6689556
1096 1665183602.7071834
1097 1665183602.7480998
1098 1665183602.78761
1099 1665183602.827905
1100 1665183602.8676355
1101 1665183602.906823
1102 1665183602.9479325
1103 1665183602.9887936
1104 1665183603.0282483
1105 1665183603.068476
1106 1665183603.108051
1107 1665183603.1470544
1108 1665183603.1879523
1109 1665183603.2277641
1110 1665183603.2677722
1111 1665183603.3075402
1112 1665183603.3478966
1113 1665183603.3883412
1114 1665183603.4282467
1115 1665183603.4686232
1116 1665183603.5076227
1117 1665183603.547913
1118 1665183603.5871527
1119 1665183603.6278455
1120 1665183603.6676903
1121 1665183603.7073357
1122 1665183603.748232
1123 1665183603.7876158
1124 1665183603.827054
1125 1665183603.8678179
1126 1665183603.9077537
1127 1665183603.9480467
1128 1665183603.987963
1129 1665183604.0277448
1130 1665183604.0676897
1131 1665183604.1078708
1132 1665183604.1484394
1133 1665183604.187829
1134 1665183604.2280126
1135 1665183604.2668746
1136 1665183604.3073273
1137 1665183604.3480325
1138 1665183604.3880043
1139 1665183604.4274583
1140 1665183604.4676545
1141 1665183604.5082867
1142 1665183604.5470586
1143 1665183604.5879316
1144 1665183604.628276
1145 1665183604.6676462
1146 1665183604.7078114
1147 1665183604.7477665
1148 1665183604.7878246
1149 1665183604.8270009
1150 1665183604.867696
1151 1665183604.907818
1152 1665183604.9476948
1153 1665183604.9876058
1154 1665183605.0273588
1155 1665183605.0674167
1156 1665183605.1076722
1157 1665183605.14761
1158 1665183605.1872296
1159 1665183605.2268605
1160 1665183605.2679672
1161 1665183605.3074741
1162 1665183605.3484402
1163 1665183605.3876138
1164 1665183605.4275723
1165 1665183605.4678524
1166 1665183605.507803
1167 1665183605.547112
1168 1665183605.5874205
1169 1665183605.6274984
1170 1665183605.6682646
1171 1665183605.7077255
1172 1665183605.7477484
1173 1665183605.7880094
1174 1665183605.8276813
1175 1665183605.8672113
1176 1665183605.9071662
1177 1665183605.9482193
1178 1665183605.987401
1179 1665183606.0267732
1180 1665183606.067287
1181 1665183606.1087027
1182 1665183606.1476135
1183 1665183606.1874092
1184 1665183606.2276967
1185 1665183606.267656
1186 1665183606.307588
1187 1665183606.347134
1188 1665183606.3871763
1189 1665183606.4274225
1190 1665183606.4674067
1191 1665183606.506728
1192 1665183606.5470104
1193 1665183606.5872135
1194 1665183606.627078
1195 1665183606.6674237
1196 1665183606.707861
1197 1665183606.7475948
1198 1665183606.787407
1199 1665183606.827685
1200 1665183606.8676956
1201 1665183606.9079487
1202 1665183606.9476786
1203 1665183606.9877563
1204 1665183607.0280576
1205 1665183607.068606
1206 1665183607.1076565
1207 1665183607.1485262
1208 1665183607.1883576
1209 1665183607.2285876
1210 1665183607.268167
1211 1665183607.3072145
1212 1665183607.3481019
1213 1665183607.3876758
1214 1665183607.4286237
1215 1665183607.4671748
1216 1665183607.508156
1217 1665183607.5473754
1218 1665183607.5881534
1219 1665183607.6281369
1220 1665183607.667674
1221 1665183607.7068849
1222 1665183607.7486763
1223 1665183607.7878246
1224 1665183607.828578
1225 1665183607.8683157
1226 1665183607.9069874
1227 1665183607.9476542
1228 1665183607.987799
1229 1665183608.027657
1230 1665183608.0678318
1231 1665183608.1074452
1232 1665183608.1482716
1233 1665183608.1875677
1234 1665183608.227153
1235 1665183608.2670925
1236 1665183608.30834
1237 1665183608.3475435
1238 1665183608.387504
1239 1665183608.4271631
1240 1665183608.4678097
1241 1665183608.5069234
1242 1665183608.547639
1243 1665183608.5879295
1244 1665183608.6270828
1245 1665183608.668161
1246 1665183608.7079167
1247 1665183608.747166
1248 1665183608.7888715
1249 1665183608.8289547
1250 1665183608.867379
1251 1665183608.9071379
1252 1665183608.948343
1253 1665183608.9867995
1254 1665183609.0278172
1255 1665183609.0668797
1256 1665183609.107487
1257 1665183609.1485384
1258 1665183609.1887078
1259 1665183609.2275224
1260 1665183609.2679439
1261 1665183609.3075826
1262 1665183609.3479273
1263 1665183609.387563
1264 1665183609.427152
1265 1665183609.4672146
1266 1665183609.507517
1267 1665183609.5479112
1268 1665183609.5888247
1269 1665183609.6274498
1270 1665183609.668245
1271 1665183609.7081993
1272 1665183609.7482224
1273 1665183609.7888348
1274 1665183609.8276744
1275 1665183609.8669012
1276 1665183609.9086053
1277 1665183609.947196
1278 1665183609.9871235
1279 1665183610.0268712
1280 1665183610.0679324
1281 1665183610.1086404
1282 1665183610.1485035
1283 1665183610.18949
1284 1665183610.2284973
1285 1665183610.2684534
1286 1665183610.307617
1287 1665183610.347959
1288 1665183610.3880372
1289 1665183610.4278018
1290 1665183610.468086
1291 1665183610.5076225
1292 1665183610.5475972
1293 1665183610.5886142
1294 1665183610.6279602
1295 1665183610.668802
1296 1665183610.707573
1297 1665183610.7492332
1298 1665183610.7879586
1299 1665183610.82838
1300 1665183610.867476
1301 1665183610.9080858
1302 1665183610.947968
1303 1665183610.988725
1304 1665183611.0274832
1305 1665183611.0678632
1306 1665183611.108355
1307 1665183611.1482131
1308 1665183611.1885684
1309 1665183611.2281961
1310 1665183611.2676296
1311 1665183611.3076184
1312 1665183611.3476624
1313 1665183611.3877249
1314 1665183611.4277697
1315 1665183611.467876
1316 1665183611.5084014
1317 1665183611.547364
1318 1665183611.5883412
1319 1665183611.6274378
1320 1665183611.668982
1321 1665183611.7075946
1322 1665183611.7470102
1323 1665183611.7884645
1324 1665183611.8281264
1325 1665183611.8674934
1326 1665183611.9087229
1327 1665183611.9480193
1328 1665183611.9879177
1329 1665183612.0282898
1330 1665183612.0672386
1331 1665183612.1068573
1332 1665183612.148757
1333 1665183612.188888
1334 1665183612.2271473
1335 1665183612.268151
1336 1665183612.3073661
1337 1665183612.3490553
1338 1665183612.3878884
1339 1665183612.4278874
1340 1665183612.4683397
1341 1665183612.508661
1342 1665183612.5470536
1343 1665183612.587581
1344 1665183612.6274116
1345 1665183612.6681416
1346 1665183612.708502
1347 1665183612.747927
1348 1665183612.7878833
1349 1665183612.8275995
1350 1665183612.8680322
1351 1665183612.9080946
1352 1665183612.9476864
1353 1665183612.9870546
1354 1665183613.027331
1355 1665183613.067134
1356 1665183613.1076336
1357 1665183613.1477873
1358 1665183613.187638
1359 1665183613.2281446
1360 1665183613.2674472
1361 1665183613.3079793
1362 1665183613.3470151
1363 1665183613.3875983
1364 1665183613.427088
1365 1665183613.4671056
1366 1665183613.5076728
1367 1665183613.5472558
1368 1665183613.5892746
1369 1665183613.6282032
1370 1665183613.6683886
1371 1665183613.707601
1372 1665183613.7475111
1373 1665183613.7878141
1374 1665183613.8272996
1375 1665183613.867633
1376 1665183613.9084203
1377 1665183613.947617
1378 1665183613.9875147
1379 1665183614.0275095
1380 1665183614.067545
1381 1665183614.1074722
1382 1665183614.1482143
1383 1665183614.1881635
1384 1665183614.227618
1385 1665183614.2680342
1386 1665183614.3075628
1387 1665183614.348399
1388 1665183614.3888848
1389 1665183614.428312
1390 1665183614.4679239
1391 1665183614.5080323
1392 1665183614.547783
1393 1665183614.5888062
1394 1665183614.6275425
1395 1665183614.6682322
1396 1665183614.707032
1397 1665183614.747488
1398 1665183614.7879214
1399 1665183614.8281999
1400 1665183614.8686273
1401 1665183614.908735
1402 1665183614.9481506
1403 1665183614.9881005
1404 1665183615.0276036
1405 1665183615.067594
1406 1665183615.1080225
1407 1665183615.148198
1408 1665183615.1878774
1409 1665183615.2279408
1410 1665183615.267126
1411 1665183615.3072155
1412 1665183615.3472912
1413 1665183615.3872318
1414 1665183615.4276562
1415 1665183615.467305
1416 1665183615.5075161
1417 1665183615.547511
1418 1665183615.5878654
1419 1665183615.6272802
1420 1665183615.6668754
1421 1665183615.7070227
1422 1665183615.747545
1423 1665183615.7874165
1424 1665183615.8271234
1425 1665183615.86815
1426 1665183615.9076536
1427 1665183615.9480383
1428 1665183615.9877875
1429 1665183616.027549
1430 1665183616.0669012
1431 1665183616.1075437
1432 1665183616.1478705
1433 1665183616.188308
1434 1665183616.227845
1435 1665183616.2681758
1436 1665183616.3075318
1437 1665183616.3482156
1438 1665183616.3873515
1439 1665183616.4275963
1440 1665183616.4672198
1441 1665183616.5078118
1442 1665183616.5482144
1443 1665183616.5874414
1444 1665183616.627377
1445 1665183616.6685417
1446 1665183616.7068453
1447 1665183616.7484977
1448 1665183616.7887454
1449 1665183616.8267853
1450 1665183616.8680885
1451 1665183616.9079573
1452 1665183616.9477534
1453 1665183616.987777
1454 1665183617.027979
1455 1665183617.0680416
1456 1665183617.1075099
1457 1665183617.148273
1458 1665183617.187834
1459 1665183617.2283676
1460 1665183617.2692635
1461 1665183617.3072746
1462 1665183617.3481607
1463 1665183617.3871539
1464 1665183617.4270413
1465 1665183617.4677675
1466 1665183617.5074537
1467 1665183617.5472848
1468 1665183617.5870059
1469 1665183617.6278
1470 1665183617.6688516
1471 1665183617.7071874
1472 1665183617.7484436
1473 1665183617.788648
1474 1665183617.8275323
1475 1665183617.8678353
1476 1665183617.9072723
1477 1665183617.9480445
1478 1665183617.9870484
1479 1665183618.0272768
1480 1665183618.067688
1481 1665183618.1072621
1482 1665183618.1473224
1483 1665183618.1887388
1484 1665183618.228273
1485 1665183618.2680326
1486 1665183618.3085556
1487 1665183618.3475838
1488 1665183618.3877647
1489 1665183618.4282181
1490 1665183618.4679663
1491 1665183618.5068297
1492 1665183618.5471404
1493 1665183618.5874658
1494 1665183618.6278896
1495 1665183618.6685376
1496 1665183618.708407
